1.77205991745 87.0
10.0263590813 87.0
10.6817378998 87.0
10.8080530167 87.0
11.1541500092 0.0
26.2722930908 87.0
26.5502300262 0.0
29.9946060181 87.0
30.1150250435 88.0
30.4667789936 0.0
36.3493950367 88.0
37.739372015 88.0
38.0597360134 0.0
41.1656959057 88.0
41.53591609 0.0
44.5073740482 88.0
45.2329130173 88.0
45.8213620186 88.0
45.9182698727 88.0
46.292304039 0.0
47.9162359238 88.0
48.2350459099 0.0
51.0878880024 88.0
51.2012159824 88.0
51.5593209267 0.0
53.9454829693 88.0
54.9813899994 88.0
57.1134779453 88.0
58.8585898876 88.0
58.9516170025 88.0
59.3279669285 0.0
60.2412030697 88.0
60.5913639069 0.0
61.3735120296 88.0
61.7318439484 0.0
62.5942320824 88.0
62.9517040253 0.0
64.2808358669 87.0
64.6298289299 0.0
66.676609993 88.0
67.4041640759 88.0
68.1725950241 88.0
75.216796875 88.0
75.9059848785 87.0
76.0256788731 88.0
76.3773438931 0.0
77.4960620403 88.0
77.7985479832 0.0
78.4848248959 88.0
78.8059849739 0.0
80.1690919399 88.0
81.702039957 88.0
81.8249678612 88.0
82.172950983 0.0
83.0561380386 88.0
85.0543339252 87.0
85.5549719334 88.0
85.6780650616 88.0
86.023182869 0.0
197.485710859 87.0
197.642025948 87.0
197.957994938 0.0
200.328988075 87.0
200.63052392 0.0
204.43433094 87.0
204.552805901 87.0
204.90365696 0.0
207.021686077 87.0
207.602361917 87.0
208.664263964 87.0
208.78538394 87.0
209.13550806 0.0
211.361093044 87.0
211.638974905 0.0
212.498952866 87.0
212.807632923 0.0
214.108011007 87.0
214.200826883 87.0
214.576770067 0.0
215.203356028 87.0
215.518167973 0.0
216.203274965 87.0
216.510565042 0.0
217.959785938 87.0
224.170849085 87.0
224.260709047 87.0
224.64217186 0.0
226.045338869 87.0
226.257998943 87.0
226.429722071 87.0
226.606987953 87.0
226.695899963 87.0
226.870508909 87.0
227.101451874 87.0
227.270215988 87.0
227.371995926 87.0
227.548193932 88.0
227.707774878 87.0
227.975720882 87.0
228.151233912 87.0
228.235579014 87.0
228.395956993 88.0
228.579133034 87.0
228.723888874 87.0
228.967443943 87.0
229.065361023 87.0
229.235224962 87.0
229.483686924 87.0
229.595293999 87.0
229.788245916 87.0
230.038101912 87.0
230.147944927 87.0
230.397887945 87.0
230.502285957 87.0
230.685940027 87.0
230.857460976 88.0
231.020709038 87.0
231.197432041 88.0
231.35481596 88.0
231.520189047 87.0
231.913542986 88.0
232.158943892 88.0
232.296463013 87.0
232.426964045 88.0
232.595606089 87.0
232.761909008 87.0
233.015954018 87.0
233.096441031 88.0
233.280994892 87.0
233.448677063 87.0
233.614598989 87.0
233.794538975 87.0
233.968185902 87.0
234.153837919 88.0
234.332063913 88.0
234.631798029 87.0
234.690438032 88.0
234.878174067 88.0
235.168398857 87.0
235.324084044 88.0
235.509407043 88.0
235.688710928 87.0
235.866517067 88.0
235.956760883 87.0
236.227550983 87.0
238.925761938 87.0
239.866142035 88.0
239.985929966 88.0
240.333611012 0.0
241.162170887 88.0
241.48149991 0.0
242.113638878 88.0
242.241039038 87.0
242.525716066 88.0
242.70381093 87.0
242.798628092 88.0
242.989850998 88.0
243.258746862 88.0
243.33511591 88.0
243.531604052 88.0
243.689504862 88.0
243.870397091 88.0
244.036158085 88.0
244.219717026 88.0
244.484622955 88.0
244.575479984 88.0
244.77366209 88.0
245.063790083 88.0
245.142785072 88.0
245.309396029 88.0
245.707669973 0.0
