0.040109872818 160.0
0.150264978409 160.0
0.261230945587 161.0
0.372443914413 160.0
0.483680009842 160.0
0.594980955124 160.0
0.706186056137 160.0
0.817377090454 160.0
0.928607940674 160.0
1.03977203369 160.0
1.15138292313 161.0
1.26232385635 160.0
1.39378190041 160.0
1.48542404175 160.0
1.59624004364 160.0
1.70741701126 160.0
1.8184299469 160.0
1.92989397049 161.0
2.0411260128 161.0
2.15241789818 160.0
2.26355004311 160.0
2.37484002113 160.0
2.48604297638 160.0
2.59727096558 161.0
2.70841908455 161.0
2.81957888603 160.0
2.93096208572 160.0
3.04203701019 160.0
3.15334391594 161.0
3.28498506546 160.0
3.38426589966 160.0
3.48699808121 160.0
3.59816908836 160.0
3.70933890343 160.0
3.82052898407 160.0
3.93192195892 160.0
4.04352688789 160.0
4.15422987938 160.0
4.26537489891 160.0
4.39698505402 160.0
4.487844944 160.0
4.59904098511 160.0
4.71029400826 160.0
4.82142400742 160.0
4.93264508247 160.0
5.04387807846 160.0
5.15499591827 160.0
5.26625490189 160.0
5.37752604485 160.0
5.50904989243 160.0
5.59990501404 160.0
5.71107292175 160.0
5.82231593132 160.0
5.93356490135 160.0
6.04466199875 160.0
6.15597391129 160.0
6.26709294319 160.0
6.37831807137 160.0
6.50989603996 160.0
6.60072803497 160.0
6.73165488243 161.0
6.82321095467 161.0
6.93468904495 160.0
7.05428791046 160.0
7.16561198235 160.0
7.2678809166 160.0
7.39928889275 160.0
7.49062991142 160.0
7.60171508789 161.0
7.71288895607 160.0
7.82409000397 160.0
7.94358205795 160.0
8.04649686813 160.0
8.15783905983 160.0
8.28901195526 160.0
8.3882920742 160.0
8.49146699905 160.0
8.60251808167 160.0
8.71383595467 161.0
8.82495594025 160.0
8.93614506721 160.0
9.04744791985 160.0
9.15875387192 160.0
9.26984405518 161.0
9.40171694756 161.0
9.49234104156 161.0
9.60363388062 160.0
9.7148680687 161.0
9.82601189613 161.0
9.93738007545 160.0
10.0570628643 160.0
10.1598470211 160.0
10.270927906 160.0
10.4026808739 160.0
10.4933688641 160.0
10.6046988964 160.0
10.7158579826 160.0
10.8269329071 160.0
10.9381248951 160.0
11.0493240356 160.0
11.1606659889 160.0
11.2717990875 160.0
11.3830330372 160.0
11.4941990376 160.0
11.6054880619 160.0
11.7167010307 160.0
11.8277339935 160.0
11.9390079975 160.0
12.050178051 160.0
12.1614620686 160.0
12.2727348804 160.0
12.3838300705 160.0
12.5153260231 160.0
12.606222868 160.0
12.7378630638 160.0
12.8286790848 160.0
12.9397609234 160.0
13.0711798668 160.0
13.1622619629 160.0
13.2735328674 160.0
13.4050970078 160.0
13.4958739281 160.0
13.6071350574 160.0
13.7183949947 160.0
13.8376469612 160.0
13.9492230415 160.0
14.0518219471 160.0
14.1828930378 160.0
14.2744178772 160.0
14.3859689236 160.0
14.496986866 160.0
14.6082279682 160.0
14.7193958759 160.0
14.8306028843 160.0
14.9419288635 160.0
15.0532429218 160.0
15.1643710136 160.0
15.2755670547 160.0
15.3868050575 160.0
15.4980120659 160.0
15.6291360855 160.0
15.7217919827 160.0
15.8317639828 160.0
15.9431490898 160.0
16.0543100834 160.0
16.1656169891 160.0
16.2768580914 160.0
16.3879880905 160.0
16.4992890358 160.0
16.6105079651 160.0
16.721791029 160.0
16.8329899311 160.0
16.9442749023 160.0
17.0556120872 160.0
17.1669909954 161.0
17.2780320644 161.0
17.3894338608 161.0
17.5205950737 161.0
17.6119508743 161.0
17.7230689526 161.0
17.8420929909 160.0
17.9456858635 160.0
18.0569679737 160.0
18.168241024 160.0
18.2794589996 161.0
18.390775919 160.0
18.5020890236 160.0
18.6131038666 160.0
18.7243928909 161.0
18.8356840611 160.0
18.9469270706 161.0
19.0854558945 162.0
19.1708159447 161.0
19.2807779312 160.0
19.3923780918 161.0
19.5033950806 161.0
19.6148588657 162.0
19.7259140015 161.0
19.8372950554 162.0
19.9485430717 161.0
20.0599470139 160.0
20.1711249352 161.0
20.2911338806 160.0
20.3938350677 162.0
20.50522089 162.0
20.6362800598 162.0
20.7277128696 162.0
20.839195013 162.0
20.9504818916 162.0
21.061743021 162.0
21.1731109619 160.0
21.2844538689 162.0
21.3957190514 160.0
21.5068409443 161.0
21.6384730339 160.0
21.7293839455 160.0
21.8407440186 160.0
21.9519350529 161.0
22.0632140636 161.0
22.174476862 160.0
22.3056459427 161.0
22.3971099854 161.0
22.5082139969 161.0
22.6194210052 161.0
22.7307989597 161.0
22.842165947 160.0
22.953275919 160.0
23.0644659996 161.0
23.1759159565 161.0
23.2876880169 160.0
23.3982710838 160.0
23.509540081 160.0
23.6412630081 160.0
23.731967926 160.0
23.8434939384 160.0
23.954611063 160.0
24.0657970905 160.0
24.1768529415 160.0
24.2881588936 160.0
24.3993639946 161.0
24.5106840134 160.0
24.6219348907 161.0
24.7536869049 163.0
24.8446829319 162.0
24.9561309814 162.0
25.0678160191 163.0
25.1787760258 162.0
25.2899899483 160.0
25.4015779495 161.0
25.5125060081 160.0
25.6237499714 161.0
25.7349159718 160.0
25.8666729927 160.0
25.9575378895 160.0
26.0688519478 160.0
26.1999480724 160.0
26.2912669182 160.0
26.4023759365 160.0
26.5136580467 160.0
26.6248600483 160.0
26.7559580803 160.0
26.8547348976 160.0
26.9587209225 160.0
27.069963932 161.0
27.1811790466 161.0
27.292468071 161.0
27.4037308693 160.0
27.5151410103 162.0
27.6466739178 163.0
27.7377610207 161.0
27.8688359261 161.0
27.9603319168 161.0
28.0715899467 161.0
28.1911439896 160.0
28.2941970825 160.0
28.4053778648 160.0
28.536714077 160.0
28.6277470589 160.0
28.7389039993 160.0
28.8502810001 160.0
28.9614470005 160.0
29.0728049278 160.0
29.1839768887 160.0
29.2951750755 161.0
29.4064080715 160.0
29.517551899 161.0
29.6289670467 161.0
29.7402079105 160.0
29.8516550064 160.0
29.9636740685 160.0
30.0739529133 160.0
30.1851189137 160.0
30.2964429855 160.0
30.4076559544 160.0
30.5187928677 160.0
30.6300029755 160.0
30.74127388 161.0
30.8528270721 161.0
30.9639048576 161.0
31.0751159191 160.0
31.1862690449 160.0
31.2976150513 160.0
31.4087619781 160.0
31.5199949741 160.0
31.6312580109 160.0
31.7424249649 160.0
31.8588280678 160.0
31.973031044 161.0
32.08462286 161.0
32.1962418556 161.0
32.2988269329 161.0
32.4101960659 161.0
32.5214700699 161.0
32.632668972 161.0
32.7438309193 160.0
32.8551049232 160.0
32.9664058685 161.0
33.0777029991 161.0
33.1889638901 161.0
33.3001890182 161.0
33.4317910671 160.0
33.5227360725 160.0
33.6540839672 160.0
33.7458500862 160.0
33.8563859463 160.0
33.9702029228 161.0
34.0788350105 160.0
34.1901478767 160.0
34.3014860153 160.0
34.4126729965 160.0
34.5239229202 160.0
34.6351220608 160.0
34.7469229698 160.0
34.8576719761 160.0
34.9693238735 160.0
35.0800309181 160.0
35.1912970543 160.0
35.3025019169 160.0
35.4138529301 161.0
35.5248160362 160.0
35.6361949444 160.0
35.747330904 160.0
35.8592290878 160.0
35.9699280262 160.0
36.081207037 161.0
36.1925969124 160.0
36.3036868572 160.0
36.4149360657 160.0
36.5265409946 160.0
36.6574890614 161.0
36.7486469746 161.0
36.8811268806 162.0
36.971353054 161.0
37.0826070309 161.0
37.1937930584 160.0
37.3251919746 160.0
37.416285038 160.0
37.5274980068 160.0
37.6387860775 160.0
37.7505688667 160.0
37.8612830639 160.0
37.9803299904 160.0
38.0836889744 160.0
38.1948709488 160.0
38.3060679436 160.0
38.4173920155 160.0
38.5288360119 161.0
38.6399710178 161.0
38.7511160374 161.0
38.8706848621 160.0
38.9738190174 160.0
39.0849630833 161.0
39.2043609619 161.0
39.3075559139 161.0
39.4188990593 161.0
39.5502688885 160.0
39.6411399841 160.0
39.7523810863 160.0
39.8636410236 160.0
39.9748849869 161.0
40.0862369537 160.0
40.1975488663 161.0
40.3089039326 161.0
40.4199800491 160.0
40.531224966 160.0
40.6424958706 160.0
40.7537400723 160.0
40.8650438786 160.0
40.9761800766 160.0
41.0874090195 161.0
41.1987979412 161.0
41.3099589348 161.0
41.421225071 161.0
41.5327699184 161.0
41.6439368725 161.0
41.7552070618 161.0
41.8664178848 161.0
41.977907896 162.0
42.0890750885 161.0
42.2003369331 161.0
42.3115949631 160.0
42.4237670898 160.0
42.5341370106 162.0
42.6455900669 161.0
42.7568519115 162.0
42.8681440353 161.0
42.9793338776 162.0
43.0907590389 162.0
43.2019898891 162.0
43.313480854 161.0
43.4247238636 161.0
43.535959959 161.0
43.6472840309 161.0
43.7585849762 161.0
43.8700690269 162.0
43.9821600914 162.0
44.0925240517 161.0
44.203715086 161.0
44.3151378632 162.0
44.4265639782 162.0
44.5379080772 162.0
44.649116993 162.0
44.7605779171 162.0
44.875138998 160.0
44.9830498695 161.0
45.0942828655 160.0
45.2056510448 161.0
45.3168568611 160.0
45.4280030727 160.0
45.5394830704 161.0
45.6506710052 161.0
45.7619879246 162.0
45.8733398914 161.0
45.9848980904 161.0
46.0959279537 161.0
46.2178599834 161.0
46.3186409473 161.0
46.4316220284 161.0
46.5412578583 162.0
46.6526348591 162.0
46.7644279003 161.0
46.8751518726 162.0
46.9865019321 162.0
47.0979979038 162.0
47.2175610065 162.0
47.3204519749 162.0
47.4318108559 162.0
47.5629570484 162.0
47.6545579433 161.0
47.7657470703 161.0
47.8772239685 161.0
47.9884200096 161.0
48.0997509956 161.0
48.2110109329 161.0
48.3223030567 161.0
48.4541518688 161.0
48.5449080467 162.0
48.656334877 162.0
48.7679100037 162.0
48.8790049553 161.0
48.9903309345 162.0
49.1100890636 161.0
49.2130320072 162.0
49.3241939545 162.0
49.4356269836 162.0
49.5468699932 161.0
49.6583108902 161.0
49.7693948746 161.0
49.8808100224 161.0
49.992415905 161.0
50.103290081 160.0
50.2145349979 161.0
50.3257329464 161.0
50.4370589256 161.0
50.5682549477 160.0
50.6595339775 160.0
50.7907979488 161.0
50.8821299076 161.0
50.9933600426 161.0
51.1046059132 161.0
51.2159399986 161.0
51.3481900692 161.0
51.4390649796 161.0
51.5499830246 161.0
51.6613788605 161.0
51.7726109028 161.0
51.9042959213 161.0
51.9950489998 161.0
52.1265230179 161.0
52.2179999352 162.0
52.3289749622 162.0
52.4404420853 162.0
52.5520300865 162.0
52.6631309986 162.0
52.774438858 162.0
52.8858139515 161.0
53.0057239532 162.0
53.1085338593 162.0
53.2198519707 161.0
53.331127882 160.0
53.4424009323 160.0
53.5535550117 160.0
53.6647820473 160.0
53.7759690285 160.0
53.8873150349 160.0
53.9985818863 160.0
54.1098508835 160.0
54.2210140228 160.0
54.3322000504 160.0
54.4435560703 160.0
54.554669857 160.0
54.6862709522 160.0
54.777256012 160.0
54.8888349533 162.0
54.9998779297 161.0
55.1111700535 160.0
55.2224030495 161.0
55.3338010311 161.0
55.445086956 162.0
55.5564520359 162.0
55.667746067 162.0
55.7791039944 162.0
55.8904669285 161.0
56.0017418861 160.0
56.1127779484 160.0
56.2240679264 160.0
56.3354029655 162.0
56.4468839169 162.0
56.5582239628 162.0
56.6695160866 161.0
56.800855875 161.0
56.8920788765 161.0
57.0033390522 160.0
57.1147129536 161.0
57.2258839607 161.0
57.3372449875 161.0
57.4484500885 161.0
57.5799610615 162.0
57.6771988869 162.0
57.7825119495 162.0
57.8938400745 162.0
58.0051829815 162.0
58.1164870262 161.0
58.2298579216 161.0
58.3389818668 161.0
58.4504380226 161.0
58.5620679855 161.0
58.6753599644 161.0
58.7843558788 161.0
58.895647049 160.0
59.0069038868 160.0
59.1253628731 160.0
59.2291989326 160.0
59.340638876 160.0
59.4520039558 160.0
59.5635409355 160.0
59.6741819382 160.0
59.7855460644 160.0
59.8967700005 160.0
60.0081460476 160.0
60.1194489002 160.0
60.2329130173 160.0
60.3417758942 161.0
60.452988863 161.0
60.564248085 160.0
60.6755969524 160.0
60.7867469788 160.0
60.8980379105 160.0
61.0092048645 160.0
61.133854866 161.0
61.2318480015 161.0
61.3431940079 161.0
61.4543368816 161.0
61.5671238899 161.0
61.6771118641 161.0
61.7883729935 161.0
61.89970994 162.0
62.0110449791 162.0
62.1223759651 161.0
62.2337529659 161.0
62.344851017 161.0
62.4562530518 161.0
62.5675709248 161.0
62.6788420677 161.0
62.7900378704 161.0
62.9013738632 161.0
63.0128099918 161.0
63.1240119934 161.0
63.2352879047 161.0
63.3465828896 161.0
63.4577820301 161.0
63.5692009926 161.0
63.6807060242 161.0
63.7918920517 160.0
63.9028859138 161.0
64.014330864 161.0
64.1254270077 161.0
64.2572798729 161.0
64.3481829166 160.0
64.4593729973 160.0
64.5909619331 160.0
64.6828219891 160.0
64.7931690216 160.0
64.904460907 160.0
65.0155398846 160.0
65.1268110275 160.0
65.2380549908 160.0
65.3494510651 161.0
65.4607040882 161.0
65.5923500061 160.0
65.6831810474 161.0
65.8140649796 161.0
65.9100449085 161.0
66.0170819759 160.0
66.128385067 162.0
66.2396600246 162.0
66.3509130478 162.0
66.4623088837 162.0
66.5737259388 162.0
66.6853430271 162.0
66.796325922 161.0
66.9075739384 161.0
67.018944025 161.0
67.1302540302 161.0
67.2415599823 162.0
67.3528730869 161.0
67.4640378952 162.0
67.5754258633 160.0
67.6866159439 161.0
67.7978498936 160.0
67.9092469215 161.0
68.0205380917 162.0
68.1319930553 161.0
68.2430090904 160.0
68.3543078899 160.0
68.4656889439 162.0
68.5769820213 161.0
68.6883819103 161.0
68.7995519638 161.0
68.9109110832 160.0
69.0242578983 161.0
69.1334249973 160.0
69.2445340157 160.0
69.3559138775 161.0
69.4672000408 161.0
69.5784590244 161.0
69.68988204 161.0
69.8012490273 160.0
69.9198670387 160.0
70.023583889 160.0
70.1347839832 161.0
70.2462000847 161.0
70.3574039936 162.0
70.4688038826 162.0
70.5802760124 161.0
70.691398859 161.0
70.8026540279 161.0
70.9140949249 161.0
71.0254158974 160.0
71.1365530491 160.0
71.2478868961 160.0
71.3589770794 160.0
71.4703350067 160.0
71.5815279484 160.0
71.69282794 160.0
71.8039519787 160.0
71.9153358936 161.0
72.0265159607 161.0
72.1377539635 161.0
72.2491700649 162.0
72.3604328632 162.0
72.4718930721 162.0
72.583137989 162.0
72.6945319176 161.0
72.805770874 161.0
72.917028904 160.0
73.0282759666 161.0
73.1394450665 161.0
73.2701950073 161.0
73.3620700836 161.0
73.4732999802 161.0
73.5848760605 160.0
73.7163028717 160.0
73.8071260452 160.0
73.9185988903 160.0
74.0295948982 160.0
74.1610388756 160.0
74.2522919178 160.0
74.3837559223 160.0
74.4745349884 161.0
74.585807085 161.0
74.6971600056 161.0
74.8084619045 161.0
74.9198610783 161.0
75.0309948921 160.0
75.1422488689 160.0
75.2532548904 160.0
75.3646280766 160.0
75.475924015 161.0
75.5872168541 160.0
75.7065238953 160.0
75.8096320629 161.0
75.9210240841 161.0
76.0322160721 162.0
76.1635360718 161.0
76.25491786 160.0
76.3660988808 161.0
76.4773619175 160.0
76.5886070728 160.0
76.6999599934 160.0
76.8110499382 160.0
76.9233798981 160.0
77.0336139202 160.0
77.1447708607 160.0
77.2560548782 160.0
77.367166996 160.0
77.4785029888 160.0
77.5895330906 160.0
77.7013089657 160.0
77.8121130466 160.0
77.9234528542 160.0
78.0545520782 160.0
78.1459300518 160.0
78.2571978569 160.0
78.3685278893 160.0
78.479598999 160.0
78.5908539295 160.0
78.7020289898 160.0
78.8132469654 160.0
78.9247288704 160.0
79.0358729362 160.0
79.1470918655 160.0
79.283313036 160.0
79.3740639687 160.0
79.5012619495 161.0
79.592040062 160.0
79.7057099342 160.0
79.8146340847 161.0
79.9407980442 160.0
80.0371608734 161.0
80.1484649181 160.0
80.2596669197 160.0
80.3709468842 160.0
80.4821519852 160.0
80.5934109688 160.0
80.7044918537 160.0
80.8158450127 160.0
80.9469139576 160.0
81.047244072 160.0
81.1495709419 160.0
81.2607340813 160.0
81.3720710278 160.0
81.4831559658 160.0
81.6144709587 160.0
81.7058298588 160.0
81.8171169758 160.0
81.9283480644 160.0
82.039509058 160.0
82.1714169979 160.0
82.2621178627 160.0
82.3732368946 160.0
82.4846680164 160.0
82.5957388878 160.0
82.7069630623 160.0
82.8383250237 160.0
82.9295549393 160.0
83.0407459736 160.0
83.151859045 160.0
83.2631049156 160.0
83.3745009899 160.0
83.4856529236 160.0
83.5967719555 160.0
83.7079758644 160.0
83.8192908764 160.0
83.9305169582 161.0
84.0417950153 160.0
84.1530640125 161.0
84.2642219067 160.0
84.3755760193 160.0
84.4867548943 161.0
84.5982139111 161.0
84.7095930576 161.0
84.8206949234 161.0
84.9321298599 161.0
85.063575983 162.0
85.1547598839 162.0
85.2658319473 162.0
85.377366066 162.0
85.4887058735 162.0
85.5999538898 161.0
85.7113919258 162.0
85.8226079941 162.0
85.9339830875 162.0
86.0479550362 162.0
86.1655340195 162.0
86.2681379318 162.0
86.3793308735 162.0
86.490803957 162.0
86.6019039154 161.0
86.7132570744 162.0
86.8246290684 162.0
86.9359428883 162.0
87.0472509861 161.0
87.1586358547 161.0
87.2903990746 161.0
87.3810999393 161.0
87.4924030304 161.0
87.6038269997 161.0
87.715045929 161.0
87.842455864 161.0
87.9378089905 161.0
88.0487880707 160.0
88.1601080894 160.0
88.2713229656 160.0
88.382586956 160.0
88.4936950207 161.0
88.6051769257 161.0
88.7163329124 160.0
88.82771492 160.0
88.9388439655 160.0
89.0500679016 160.0
89.1626849174 160.0
89.2726349831 160.0
89.3838920593 160.0
89.4950370789 160.0
89.6063258648 160.0
89.717674017 160.0
89.8286590576 160.0
89.9399590492 160.0
90.0514850616 160.0
90.1626579762 161.0
90.2739100456 161.0
90.387750864 161.0
90.4965288639 161.0
90.6077690125 161.0
90.7191090584 161.0
90.8301780224 160.0
90.9415559769 161.0
91.0527300835 161.0
91.1649210453 161.0
91.2753338814 160.0
91.3866569996 161.0
91.4979770184 161.0
91.6092898846 162.0
91.7216398716 162.0
91.8318688869 162.0
91.9433670044 162.0
92.0546388626 162.0
92.1659729481 162.0
92.2773339748 162.0
92.3887610435 162.0
92.4999470711 162.0
92.6113510132 161.0
92.7287430763 160.0
92.8906328678 160.0
93.0121209621 160.0
93.0817470551 160.0
93.1674890518 161.0
93.2987868786 161.0
93.390034914 161.0
93.5012750626 161.0
93.6127030849 161.0
93.7237770557 161.0
93.8352079391 162.0
93.9466779232 161.0
94.05783391 160.0
94.169041872 160.0
94.2802240849 160.0
94.391422987 160.0
94.503305912 160.0
94.6140360832 161.0
94.7456459999 160.0
94.836523056 161.0
94.9478199482 162.0
95.0592999458 162.0
95.1707060337 162.0
95.2902469635 162.0
95.3932509422 162.0
95.525001049 162.0
95.6159770489 161.0
95.7273309231 161.0
95.838518858 161.0
95.9497320652 161.0
96.061150074 161.0
96.1722900867 160.0
96.2835419178 161.0
96.3947589397 161.0
96.5062558651 160.0
96.6378479004 160.0
96.7287540436 160.0
96.859596014 160.0
96.9587728977 160.0
97.0621809959 160.0
97.1735329628 160.0
97.2847690582 160.0
97.4162170887 160.0
97.5072960854 160.0
97.618532896 160.0
97.7296738625 160.0
97.8410899639 160.0
97.9520699978 160.0
98.0633869171 160.0
98.1747150421 160.0
98.2860450745 160.0
98.3972849846 161.0
98.5086050034 161.0
98.6403169632 161.0
98.7310800552 162.0
98.8424448967 162.0
98.9538669586 161.0
99.0650959015 161.0
99.176320076 161.0
99.2876908779 161.0
99.3990490437 162.0
99.5103259087 162.0
99.6217188835 162.0
99.7330520153 162.0
99.844440937 162.0
99.9556810856 162.0
100.067134857 162.0
100.182981014 162.0
100.289726973 162.0
100.401535988 162.0
100.512280941 162.0
100.623761892 162.0
100.734946966 161.0
100.846275091 161.0
100.97684288 160.0
101.06872797 160.0
101.183343887 160.0
101.311246872 160.0
101.402423859 160.0
101.513685942 160.0
101.624954939 160.0
101.736104012 160.0
101.847471952 160.0
101.958649874 160.0
102.069947004 160.0
102.182729006 160.0
102.292397022 160.0
102.403657913 160.0
102.514956951 160.0
102.626220942 160.0
102.737356901 160.0
102.848743916 160.0
102.959928989 160.0
103.071223974 160.0
103.183089972 160.0
103.293700933 160.0
103.404927969 160.0
103.516180992 160.0
103.627326012 160.0
103.738502979 160.0
103.849873066 160.0
103.961126089 160.0
104.072329044 160.0
104.183628082 160.0
104.294718981 160.0
104.405921936 160.0
104.517283916 160.0
104.648926973 160.0
104.73961401 160.0
104.850980043 160.0
104.96202898 160.0
105.073232889 160.0
105.184391022 160.0
105.295609951 160.0
105.406827927 160.0
105.518172026 160.0
105.629211903 160.0
105.740478992 160.0
105.85196805 160.0
105.962877035 160.0
106.074486017 160.0
106.185162067 160.0
106.296626091 160.0
106.407844067 160.0
106.519281864 160.0
106.630110979 160.0
106.741353035 161.0
106.852866888 160.0
106.98434186 160.0
107.075088024 160.0
107.186537027 160.0
107.297420025 160.0
107.408657074 160.0
107.520262957 161.0
107.631578922 160.0
107.742250919 161.0
107.853609085 160.0
107.964895964 161.0
108.096549034 160.0
108.187416077 160.0
108.298388004 160.0
108.409736872 160.0
108.520922899 160.0
108.632066965 160.0
108.743303061 160.0
108.85464406 161.0
108.965892076 161.0
109.097490072 161.0
109.188529015 161.0
109.299556971 160.0
109.410923004 163.0
109.522212982 162.0
109.63360095 162.0
109.744726896 162.0
109.856024027 162.0
109.967284918 160.0
110.078373909 160.0
110.189691067 160.0
110.300981045 160.0
110.412008047 160.0
110.523247004 160.0
110.634526968 160.0
110.765038967 161.0
110.903445959 161.0
111.010056019 161.0
111.07942605 161.0
111.190770864 161.0
111.301963091 160.0
111.413166046 161.0
111.545186043 160.0
111.64387989 160.0
111.746819019 160.0
111.857991934 160.0
111.969369888 160.0
112.080440044 160.0
112.191623926 161.0
112.30311203 160.0
112.434494972 160.0
112.525320053 160.0
112.636772871 160.0
112.747555017 161.0
112.861626863 161.0
112.970154047 161.0
113.08946991 161.0
113.201591969 161.0
113.303910017 161.0
113.434988022 160.0
113.526284933 160.0
113.637598038 160.0
113.749053001 160.0
113.860008001 160.0
113.971173048 160.0
114.083765984 160.0
114.193533897 160.0
114.304833889 160.0
114.416054964 160.0
114.527215004 160.0
114.638356924 160.0
114.74949789 160.0
114.860926867 160.0
114.972158909 160.0
115.08314395 160.0
115.194397926 160.0
115.305768013 160.0
115.437274933 160.0
115.528138876 160.0
115.639337063 160.0
115.750638008 160.0
115.87520504 160.0
115.97388196 160.0
116.08402586 160.0
116.195477009 160.0
116.306627035 160.0
116.417662859 160.0
116.529061079 160.0
116.640325069 160.0
116.759752989 160.0
116.86261487 160.0
116.994220972 160.0
117.085126877 160.0
117.196353912 160.0
117.312242031 160.0
117.418601036 160.0
117.529912949 160.0
117.645499945 160.0
117.752824068 160.0
117.863506079 160.0
117.995172977 160.0
118.085857868 160.0
118.197187901 161.0
118.30845499 161.0
118.419691086 161.0
118.531013012 161.0
118.642210007 161.0
118.75345397 161.0
118.864767075 160.0
118.975805044 161.0
119.087041855 161.0
119.198312998 161.0
119.309611082 160.0
119.420968056 160.0
119.532078028 160.0
119.643303871 160.0
119.754580975 161.0
119.86620307 161.0
119.976978064 161.0
120.093576908 160.0
120.199426889 160.0
120.310600042 160.0
120.442327023 160.0
120.533171892 160.0
120.644237041 160.0
120.755510092 160.0
120.866661072 160.0
120.9780159 160.0
121.092977047 160.0
121.200356007 160.0
121.311636925 160.0
121.422936916 161.0
121.53389287 161.0
121.66525197 161.0
121.756476879 162.0
121.86816287 162.0
121.999566078 161.0
122.090153933 160.0
122.201518059 161.0
122.312874079 161.0
122.423949003 161.0
122.535145998 161.0
122.646564007 161.0
122.757732868 161.0
122.86913991 160.0
122.980166912 160.0
123.091357946 160.0
123.2025249 160.0
123.313652992 160.0
123.424773932 160.0
123.536550999 160.0
123.647294998 160.0
123.758425951 160.0
123.869956017 161.0
124.001627922 160.0
124.092165947 160.0
124.203620911 160.0
124.314591885 161.0
124.425912857 160.0
124.537153959 160.0
124.648333073 160.0
124.759443998 160.0
124.870702982 160.0
124.982042074 160.0
125.093111992 160.0
125.224679947 160.0
125.315624952 160.0
125.426759005 160.0
125.538007975 160.0
125.649163008 160.0
125.760426998 161.0
125.871631861 161.0
125.983000994 161.0
126.094199896 160.0
126.205374002 161.0
126.316607952 161.0
126.42770195 161.0
126.546974897 162.0
126.650439024 161.0
126.761600971 161.0
126.872864962 161.0
126.984042883 160.0
127.09520793 160.0
127.22683692 160.0
127.317641973 160.0
127.428911924 160.0
127.540024042 160.0
127.651418924 160.0
127.762414932 160.0
127.873761892 162.0
127.985059977 162.0
128.096355915 162.0
128.228262901 162.0
128.319207907 163.0
128.430341005 160.0
128.541472912 161.0
128.653594971 160.0
128.764200926 160.0
128.874948025 161.0
128.986278057 160.0
129.097724915 162.0
129.208776951 161.0
129.320333958 160.0
129.431205034 161.0
129.542449951 160.0
129.653610945 161.0
129.764786959 161.0
129.876149893 162.0
129.987370014 162.0
130.098638058 162.0
130.210138083 162.0
130.321310997 162.0
130.432535887 162.0
130.551967859 162.0
130.663830042 162.0
130.766623974 162.0
130.877692938 162.0
130.989151955 162.0
131.100153923 162.0
131.212377071 162.0
131.322916985 162.0
131.434072018 161.0
131.545208931 161.0
131.656437874 162.0
131.767862082 162.0
131.879226923 162.0
131.990465879 162.0
132.121569872 162.0
132.21310091 162.0
132.32437706 161.0
132.435596943 162.0
132.546738863 161.0
132.658088923 161.0
132.769367933 162.0
132.880616903 161.0
132.991811037 162.0
133.103091002 160.0
133.214375973 161.0
133.326545954 162.0
133.436730862 162.0
133.548222065 161.0
133.659435034 161.0
133.770540953 161.0
133.881887913 161.0
133.993257999 161.0
134.104364872 161.0
134.215653896 161.0
134.326974869 161.0
134.438261986 161.0
134.54930687 161.0
134.660631895 161.0
134.771987915 162.0
134.883305073 162.0
134.994427919 161.0
135.10579586 161.0
135.217063904 162.0
135.328315973 162.0
135.439574957 160.0
135.550832033 160.0
135.663361073 160.0
135.773233891 160.0
135.884288073 160.0
135.995552063 160.0
136.10682106 160.0
136.238297939 160.0
136.329158068 160.0
136.460494041 162.0
136.551925898 162.0
136.683094025 162.0
136.774280071 162.0
136.88560009 162.0
137.01678586 162.0
137.108392 162.0
137.219591856 162.0
137.33079505 162.0
137.442101002 162.0
137.553377867 160.0
137.664511919 161.0
137.775749922 161.0
137.887217045 161.0
137.998534918 160.0
138.109788895 161.0
138.220892906 161.0
138.352082968 160.0
138.443199873 161.0
138.554358006 161.0
138.666714907 161.0
138.776853085 161.0
138.888095856 160.0
138.999418974 160.0
139.110584021 160.0
139.221592903 160.0
139.332966089 160.0
139.444174051 160.0
139.563189983 160.0
139.670480967 160.0
139.777751923 161.0
139.889013052 160.0
140.000204086 160.0
140.111481905 161.0
140.222617865 161.0
140.333864927 160.0
140.445091009 160.0
140.556338072 160.0
140.670182943 160.0
140.7786479 160.0
140.889899015 160.0
141.001031876 160.0
141.112421036 160.0
141.223521948 160.0
141.334768057 160.0
141.445873976 160.0
141.557142973 160.0
141.668554068 160.0
141.779505968 160.0
141.890784979 160.0
142.002003908 160.0
142.113077879 160.0
142.245060921 161.0
142.335610867 160.0
142.466516972 160.0
142.558024883 160.0
142.669584036 160.0
142.780449867 160.0
142.891669989 160.0
143.002919912 160.0
143.135726929 160.0
143.233726025 160.0
143.336580038 160.0
143.46715498 160.0
143.566803932 160.0
143.670021057 160.0
143.781229019 160.0
143.89260602 160.0
144.003722906 160.0
144.114923 160.0
144.24633503 160.0
144.337279081 160.0
144.448612928 161.0
144.559753895 160.0
144.671001911 160.0
144.782028913 160.0
144.894083023 161.0
145.004558086 161.0
145.116014004 161.0
145.227216959 161.0
145.338490963 161.0
145.449619055 161.0
145.560775995 161.0
145.672127008 161.0
145.78331399 161.0
145.894483089 161.0
146.009361029 161.0
146.117100954 161.0
146.228349924 161.0
146.339777946 161.0
146.45097208 161.0
146.562284946 161.0
146.67352891 161.0
146.784785986 161.0
146.896106005 161.0
147.009917021 161.0
147.11908102 161.0
147.229929924 161.0
147.341489077 161.0
147.452525854 162.0
147.563940048 162.0
147.675235033 162.0
147.78649497 162.0
147.897830963 162.0
148.009214878 162.0
148.120440006 161.0
148.231841087 162.0
148.343055964 161.0
148.454271078 161.0
148.565667868 161.0
148.677783012 161.0
148.788197994 161.0
148.899507046 161.0
149.011153936 161.0
149.142688036 161.0
149.233470917 161.0
149.344753981 161.0
149.456170082 161.0
149.567380905 161.0
149.678771973 161.0
149.789913893 161.0
149.901228905 161.0
150.012444973 160.0
150.123684883 161.0
150.235193968 161.0
150.346446037 161.0
150.477931023 161.0
150.56890893 161.0
150.68028903 161.0
150.791445017 161.0
150.902699947 161.0
151.022412062 161.0
151.133847952 161.0
151.236657858 161.0
151.368449926 161.0
151.459158897 161.0
151.570433855 161.0
151.682661057 161.0
151.79289794 160.0
151.924717903 161.0
152.015599012 161.0
152.126831055 161.0
152.237981081 161.0
152.37234807 161.0
152.46053791 161.0
152.571992874 161.0
152.683204889 161.0
152.794368029 161.0
152.905771971 161.0
153.017150879 161.0
153.148617983 161.0
153.239770889 161.0
153.351006031 161.0
153.462259054 161.0
153.573596001 161.0
153.684900045 162.0
153.79667902 162.0
153.907468081 162.0
154.018913031 161.0
154.130159855 161.0
154.241385937 161.0
154.35263896 161.0
154.464005947 161.0
154.57536602 161.0
154.686712027 162.0
154.797827005 161.0
154.909139872 161.0
155.020519018 161.0
155.131747961 161.0
155.243005991 161.0
155.375035048 161.0
155.465672016 161.0
155.576952934 161.0
155.688166857 161.0
155.799571037 161.0
155.930827856 161.0
156.022099972 161.0
156.133348942 161.0
156.244523048 161.0
156.355898857 161.0
156.467176914 161.0
156.578497887 161.0
156.689728975 161.0
156.800885916 161.0
156.912401915 161.0
157.02361989 161.0
157.134754896 160.0
157.246033907 161.0
157.357330084 161.0
157.468685865 161.0
157.58001709 161.0
157.691111088 161.0
157.802371979 161.0
157.913829088 161.0
158.033807039 161.0
158.136229992 161.0
158.267873049 161.0
158.358929873 161.0
158.470167875 161.0
158.581393957 161.0
158.700685024 161.0
158.804013968 161.0
158.91524291 162.0
159.027086973 161.0
159.137922049 161.0
159.249111891 161.0
159.380470037 161.0
159.471751928 161.0
159.602643013 162.0
159.702293873 161.0
159.805490971 161.0
159.916898966 161.0
160.028245926 161.0
160.13931489 161.0
160.270847082 161.0
160.36194706 161.0
160.473269939 161.0
160.584528923 161.0
160.695873022 161.0
160.806885004 161.0
160.918379068 160.0
161.029317856 160.0
161.140603065 160.0
161.252228022 161.0
161.363075018 160.0
161.474159002 160.0
161.585506916 161.0
161.696649075 160.0
161.815587997 160.0
161.919200897 160.0
162.030507088 161.0
162.143054962 161.0
162.253017902 161.0
162.364299059 161.0
162.495682001 160.0
162.586796045 160.0
162.698026896 161.0
162.809103966 160.0
162.920414925 161.0
163.031610966 160.0
163.142931938 161.0
163.254132986 161.0
163.38538003 161.0
163.476685047 161.0
163.608136892 161.0
163.707315922 161.0
163.810474873 161.0
163.921864033 161.0
164.03312993 161.0
164.144325018 161.0
164.255564928 161.0
164.387184858 161.0
164.478116989 162.0
164.609068871 161.0
164.700721979 161.0
164.811909914 161.0
164.923202991 160.0
165.034205914 160.0
165.145587921 160.0
165.256810904 160.0
165.367968082 160.0
165.499278069 160.0
165.59048605 160.0
165.70165801 160.0
165.813019037 160.0
165.924232006 160.0
166.035455942 160.0
166.146542072 160.0
166.25782299 160.0
166.369348049 160.0
166.480184078 160.0
166.591502905 160.0
166.702703953 160.0
166.813824892 160.0
166.925344944 160.0
167.03627491 160.0
167.147629976 160.0
167.258816004 160.0
167.370040894 160.0
167.481317997 160.0
167.592593908 160.0
167.703787088 160.0
167.834867954 160.0
167.926310062 160.0
168.037415028 160.0
168.148706913 160.0
168.260019064 160.0
168.391428947 160.0
168.482238054 160.0
168.593558073 160.0
168.704865932 160.0
168.816108942 160.0
168.927380085 160.0
169.03847003 160.0
169.169799089 160.0
169.26095295 160.0
169.372243881 160.0
169.483547926 160.0
169.594760895 160.0
169.705950022 160.0
169.817173004 160.0
169.928546906 160.0
170.039583921 160.0
170.150883913 160.0
170.262140989 160.0
170.37333107 160.0
170.484632015 160.0
170.595884085 160.0
170.707150936 160.0
170.818316936 160.0
170.929674864 160.0
171.04085803 160.0
171.152229071 160.0
171.263453007 160.0
171.374537945 160.0
171.485786915 160.0
171.597030878 160.0
171.70845294 161.0
171.819479942 160.0
171.930746078 160.0
172.042078018 160.0
172.153783083 160.0
172.284658909 160.0
172.384032965 160.0
172.48727107 160.0
172.598347902 160.0
172.70957303 160.0
172.820772886 160.0
172.940171957 160.0
173.047183037 160.0
173.154478073 160.0
173.28561902 160.0
173.38525486 160.0
173.488152981 160.0
173.59945488 160.0
173.710664988 160.0
173.821949005 161.0
173.933248043 161.0
174.046827078 160.0
174.155772924 160.0
174.266998053 160.0
174.378660917 160.0
174.489521027 160.0
174.600759983 160.0
174.711987972 160.0
174.823313951 160.0
174.934794903 160.0
175.047720909 160.0
175.157002926 160.0
175.288213968 160.0
175.38815999 160.0
175.490742922 160.0
175.601922989 160.0
175.713142872 160.0
175.824467897 160.0
175.935708046 160.0
176.049900055 160.0
176.158169031 160.0
176.270627022 160.0
176.380759001 160.0
176.511869907 160.0
176.603127956 161.0
176.714433908 160.0
176.825640917 160.0
176.936784983 160.0
177.048043013 160.0
177.159221888 160.0
177.290941 160.0
177.381803036 160.0
177.493123055 161.0
177.604346991 160.0
177.715579033 161.0
177.826811075 160.0
177.938054085 160.0
178.049216986 160.0
178.160650015 160.0
178.271903038 161.0
178.383095026 160.0
178.494292021 161.0
178.605612993 161.0
178.737396002 161.0
178.828265905 161.0
178.93966198 162.0
179.050765991 161.0
179.162019014 161.0
179.273364067 160.0
179.384644032 160.0
179.49596405 161.0
179.607234001 162.0
179.718643904 161.0
179.829819918 162.0
179.941235065 162.0
180.060410976 162.0
180.163937092 160.0
180.27541995 160.0
180.386401892 160.0
180.497910023 160.0
180.60897994 161.0
180.74043107 160.0
180.831410885 160.0
180.942707062 161.0
181.053853035 161.0
181.173117876 160.0
181.276351929 160.0
181.387729883 160.0
181.498842955 160.0
181.610066891 160.0
181.740984917 160.0
181.832644939 160.0
181.943937063 160.0
182.055057049 161.0
182.166320086 161.0
182.279294014 160.0
182.388839006 160.0
182.500097036 160.0
182.611341953 160.0
182.722637892 161.0
182.833733082 161.0
182.945144892 161.0
183.056329966 160.0
183.167726994 160.0
183.283773899 160.0
183.390114069 160.0
183.501446962 161.0
183.612756014 160.0
183.72378397 160.0
183.835067034 161.0
183.946426868 160.0
184.057690859 160.0
184.16881609 160.0
184.288311958 160.0
184.391419888 160.0
184.502604961 160.0
184.613818884 160.0
184.725067854 160.0
184.836418867 160.0
184.947535038 160.0
185.078813076 160.0
185.170001984 160.0
185.281408072 160.0
185.412808895 160.0
185.503820896 160.0
185.635436058 160.0
185.726094961 160.0
185.837328911 160.0
185.948873043 160.0
186.059956074 160.0
186.171223879 160.0
186.28254509 160.0
186.39376688 160.0
186.525384903 160.0
186.616195917 160.0
186.727364063 160.0
186.838654995 160.0
186.957777023 160.0
187.061253071 160.0
187.172322035 160.0
187.283663988 160.0
187.415452957 160.0
187.506177902 160.0
187.637791872 160.0
187.728524923 160.0
187.859839916 160.0
187.959183931 160.0
188.062298059 160.0
188.173515081 160.0
188.285242081 160.0
188.396064043 160.0
188.527198076 160.0
188.618524075 160.0
188.729686975 161.0
188.840935946 160.0
188.95254302 161.0
189.063524961 160.0
189.174807072 160.0
189.2861619 160.0
189.397288084 160.0
189.508409977 160.0
189.619660854 160.0
189.730865002 160.0
189.842164993 160.0
189.953473091 160.0
190.064754009 160.0
190.175978899 160.0
190.28726697 160.0
190.398447037 160.0
190.529663086 160.0
190.620902061 160.0
190.73209691 160.0
190.8433249 160.0
190.954585075 160.0
191.066045046 160.0
191.177072048 160.0
191.2883389 160.0
191.399636984 160.0
191.510942936 160.0
191.622145891 160.0
191.733295918 160.0
191.844630957 160.0
191.95595789 160.0
192.06705904 160.0
192.178240061 160.0
192.289546967 160.0
192.40082407 160.0
192.512042999 160.0
192.623276949 160.0
192.734624863 161.0
192.845803022 160.0
192.957062006 160.0
193.068237066 160.0
193.179414034 160.0
193.290653944 160.0
193.401820898 160.0
193.513094902 160.0
193.624465942 160.0
193.735586882 160.0
193.846796989 160.0
193.958077908 160.0
194.069319963 160.0
194.180577993 160.0
194.291702986 160.0
194.402997971 160.0
194.534776926 160.0
194.633852005 160.0
194.736743927 160.0
194.848080873 160.0
194.959228992 160.0
195.070432901 160.0
195.201747894 160.0
195.292994022 160.0
195.404217005 160.0
195.515524864 160.0
195.626704931 160.0
195.737863064 160.0
195.849025965 160.0
195.960445881 160.0
196.071608067 160.0
196.182781935 160.0
196.294131994 160.0
196.40536499 160.0
196.516567945 160.0
196.627861977 160.0
196.758868933 160.0
196.85069108 160.0
196.961442947 160.0
197.080348015 160.0
197.192311049 160.0
197.295391083 160.0
197.406487942 160.0
197.537843943 161.0
197.6380229 161.0
197.740315914 160.0
197.851527929 160.0
197.962743044 160.0
198.074208975 160.0
198.18529892 160.0
198.29658699 160.0
198.407819986 160.0
198.519124985 160.0
198.630367041 160.0
198.741456985 160.0
198.85284996 160.0
198.96420002 161.0
199.075305939 161.0
199.186528921 160.0
199.306506872 161.0
199.409220934 160.0
199.520390987 160.0
199.632214069 161.0
199.742858887 161.0
199.854229927 161.0
199.965481043 160.0
200.076730013 160.0
200.187964916 160.0
200.299268007 160.0
200.410510063 160.0
200.521772861 160.0
200.632982969 160.0
200.764575005 160.0
200.855452061 161.0
200.966732025 160.0
201.077997923 160.0
201.189182997 160.0
201.300490856 160.0
201.411799908 161.0
201.523012877 161.0
201.634250879 161.0
201.745445013 161.0
201.856756926 160.0
201.968121052 161.0
202.079480886 160.0
202.190553904 160.0
202.30181098 160.0
202.433341026 160.0
202.524196863 160.0
202.635513067 160.0
202.766996861 161.0
202.858129978 161.0
202.96937108 160.0
203.080728054 162.0
203.192051888 162.0
203.303379059 162.0
203.414733887 161.0
203.52592206 161.0
203.63735795 161.0
203.748565912 160.0
203.859895945 160.0
203.978721857 160.0
204.08234787 160.0
204.193566084 160.0
204.312881947 161.0
204.416100979 161.0
204.527358055 161.0
204.638746977 161.0
204.749865055 161.0
204.861247063 160.0
204.972436905 161.0
205.083704948 161.0
205.194984913 161.0
205.306359053 161.0
205.417599916 161.0
205.548791885 160.0
205.640161037 160.0
205.751311064 160.0
205.862670898 160.0
205.973836899 160.0
206.085027933 160.0
206.216361046 160.0
206.307465076 160.0
206.418734074 160.0
206.530040979 160.0
206.661784887 160.0
206.752425909 160.0
206.863794088 160.0
206.976301908 160.0
207.086252928 160.0
207.197529078 160.0
207.308789968 160.0
207.420186996 160.0
207.531306028 160.0
207.66275692 160.0
207.753710985 160.0
207.885010004 160.0
207.976044893 160.0
208.108170033 160.0
208.198652983 160.0
208.309967995 160.0
208.421175957 160.0
208.532446861 160.0
208.663686991 160.0
208.75502491 160.0
208.866200924 160.0
208.977472067 160.0
209.096378088 160.0
209.208350897 160.0
209.311171055 160.0
209.42248106 160.0
209.553468943 160.0
209.644888878 160.0
209.755994081 161.0
209.867488861 160.0
209.978625059 161.0
210.089917898 161.0
210.201140881 161.0
210.332933903 160.0
210.423624039 160.0
210.53501606 161.0
210.646105051 160.0
210.777894974 161.0
210.868630886 161.0
210.980053902 161.0
211.091297865 160.0
211.202561855 161.0
211.313793898 161.0
211.425024986 160.0
211.536371946 161.0
211.64755702 161.0
211.758816004 160.0
211.870050907 160.0
211.981330872 160.0
212.09257102 161.0
212.203748941 160.0
212.315101862 160.0
212.426382065 160.0
212.537586927 160.0
212.648838997 160.0
212.759996891 160.0
212.871346951 160.0
212.982578993 160.0
213.093798876 160.0
213.225635052 161.0
213.316390038 160.0
213.427593946 160.0
213.538820982 160.0
213.670057058 160.0
213.761291027 160.0
213.872642994 160.0
213.983715057 160.0
214.094995975 160.0
214.206248999 160.0
214.337521076 160.0
214.428729057 161.0
214.540158033 161.0
214.651444912 161.0
214.762705088 160.0
214.873843908 161.0
214.985151052 160.0
215.103983879 161.0
215.216324091 160.0
215.318909883 160.0
215.450717926 160.0
215.541395903 160.0
215.653028965 160.0
215.76393199 160.0
215.875087976 160.0
215.986329079 160.0
216.09760499 160.0
216.208930969 160.0
216.32010293 160.0
216.452000856 160.0
216.542613983 160.0
216.653902054 160.0
216.76510191 160.0
216.876344919 160.0
216.987643003 160.0
217.098901033 160.0
217.210176945 160.0
217.330316067 160.0
217.432694912 160.0
217.5638659 160.0
217.663914919 160.0
217.766443014 161.0
217.877641916 160.0
217.988941908 160.0
218.100218058 160.0
218.211452961 160.0
218.322722912 160.0
218.434005022 160.0
218.54520607 160.0
218.656465054 160.0
218.768202066 160.0
218.878843069 160.0
218.990098 160.0
219.109199047 160.0
219.212749004 160.0
219.323898077 160.0
219.43528986 160.0
219.546371937 161.0
219.657724857 160.0
219.789361 160.0
219.880145073 160.0
220.011551857 160.0
220.102724075 160.0
220.213907003 160.0
220.333503962 160.0
220.445033073 160.0
220.547698021 160.0
220.658887863 160.0
220.770205975 160.0
220.881260872 160.0
220.992496967 160.0
221.103765965 160.0
221.214998007 160.0
221.326200008 160.0
221.437576056 160.0
221.548795938 160.0
221.659970045 160.0
221.773810863 160.0
221.882539034 160.0
222.001735926 160.0
222.105125904 160.0
222.216335058 160.0
222.327638865 160.0
222.438792944 160.0
222.549977064 160.0
222.661213875 160.0
222.792758942 160.0
222.883832932 160.0
222.994976997 160.0
223.106221914 160.0
223.217669964 160.0
223.328886032 160.0
223.440046072 160.0
223.551411867 160.0
223.662517071 160.0
223.773616076 160.0
223.885103941 160.0
223.996250868 160.0
224.107342958 160.0
224.218595028 160.0
224.329860926 160.0
224.441299915 161.0
224.552504063 161.0
224.683619022 160.0
224.775126934 162.0
224.90627408 161.0
224.997565985 160.0
225.108901978 160.0
225.220205069 161.0
225.331439018 160.0
225.442682981 161.0
225.55388689 161.0
225.665339947 161.0
225.776499033 160.0
225.88775897 160.0
225.998974085 160.0
226.110209942 160.0
226.230139017 160.0
226.332860947 161.0
226.444031954 160.0
226.555233002 161.0
226.68681407 160.0
226.777996063 160.0
226.889057875 160.0
227.000313997 160.0
227.111434937 160.0
227.223697901 160.0
227.333930016 160.0
227.445281029 160.0
227.556423903 160.0
227.667706966 160.0
227.799227953 161.0
227.890274048 160.0
228.001343012 160.0
228.112762928 160.0
228.223950863 160.0
228.335394859 161.0
228.446593046 160.0
228.557715893 160.0
228.668977022 160.0
228.780363083 161.0
228.891496897 160.0
229.002927065 160.0
229.11403203 160.0
229.225215912 160.0
229.336531878 160.0
229.447728872 160.0
229.55902195 160.0
229.670266867 160.0
229.80211091 160.0
229.89279294 160.0
230.003948927 160.0
230.115283012 161.0
230.22648406 161.0
230.337656975 162.0
230.449084044 162.0
230.560621023 163.0
230.671972036 162.0
230.803447962 163.0
230.894526958 161.0
231.026135921 161.0
231.117110014 160.0
231.228332996 160.0
231.348141909 161.0
231.450860023 160.0
231.582324028 161.0
231.673471928 160.0
231.804880857 162.0
231.896125078 161.0
232.00792408 163.0
232.11867404 162.0
232.230072021 162.0
232.341355085 161.0
232.452585936 161.0
232.584131956 160.0
232.675035 160.0
232.788723946 160.0
232.897544861 160.0
233.008853912 160.0
233.120097876 160.0
233.251955986 160.0
233.342501879 160.0
233.453716993 160.0
233.565026045 161.0
233.676282883 161.0
233.787680864 161.0
233.898895025 161.0
234.010087013 160.0
234.141448021 161.0
234.232572079 160.0
234.363872051 160.0
234.455122948 160.0
234.566392899 160.0
234.677582979 161.0
234.788797855 160.0
234.912343979 160.0
235.011446953 161.0
235.143157005 161.0
235.233931065 160.0
235.345113039 160.0
235.457524061 160.0
235.567612886 160.0
235.678937912 160.0
235.790560007 160.0
235.90128994 160.0
236.012676954 160.0
236.123797894 160.0
236.235147953 160.0
236.346231937 160.0
236.457506895 160.0
236.568750858 160.0
236.680229902 160.0
236.791248083 160.0
236.922800064 160.0
237.014740944 160.0
237.125086069 160.0
237.236342907 160.0
237.349705935 160.0
237.458867073 160.0
237.56991291 160.0
237.701590061 160.0
237.792540073 161.0
237.90384388 160.0
238.015048027 160.0
238.126191854 160.0
238.237453938 160.0
238.350821018 160.0
238.45993495 160.0
238.571173906 160.0
238.682523966 160.0
238.793698072 160.0
238.905008078 160.0
239.016248941 160.0
239.127490997 160.0
239.238754988 160.0
239.349952936 160.0
239.461286068 161.0
239.572515965 160.0
239.683740854 160.0
239.794978857 161.0
239.906319857 160.0
240.017551899 160.0
240.128772974 160.0
240.241328955 160.0
240.351432085 160.0
240.462638855 160.0
240.573744059 160.0
240.684925079 160.0
240.796202898 160.0
240.907512903 160.0
241.018756866 160.0
241.130182981 160.0
241.241220951 160.0
241.35255599 160.0
241.463809967 160.0
241.574948072 160.0
241.686290026 160.0
241.797400951 160.0
241.909267902 161.0
242.039546013 160.0
242.131308079 160.0
242.242460012 160.0
242.374021053 160.0
242.464897871 160.0
242.576286077 160.0
242.687511921 160.0
242.798578024 160.0
242.909870863 160.0
243.021180868 160.0
243.132524967 160.0
243.243743896 160.0
243.35500288 160.0
243.466157913 160.0
243.577455997 160.0
243.68866086 160.0
243.799834013 160.0
243.911064863 160.0
244.022273064 160.0
244.133539915 160.0
244.265397072 160.0
244.356153965 160.0
244.467459917 160.0
